

28881895 (62809, -2861, 13416)
48294418 (-8625, 84066, 26932)
12465203 (-3987, 67414, 16403)
18509806 (-2048, 43379, 9436)
56766421 (38917, -10146, 19873)
15552534 (-9858, 64279, 25176)
23568895 (-6110, 21300, 11410)
35062426 (58850, -2786, 12815)
19838745 (-4914, 47887, 15345)
10358123 (-3104, 28541, 9417)
418105 (24020, -254, 2516)




426099 (52032, -207, 3401)
26283 (28520, -9439, 16409)
16537 (16662, 87, 187)
40217 (40561, 55, 627)


2 (-94, 9, -20)

18346879 (-3105, 27529, 9250)
29667 (34431, 3874, 9)
426099 (52032, -207, 3401)


339338782 (83494, -12809, 32706)
119594606 (-6348, 58299, 19242)
29371584 (59198, -6450, 19545)
23747166 (44390, -4554, 14223)
19174523 (-1869, 63999, 10954)
64842647 (27430, -16192, 21076)
34737245 (87662, -4150, 19084)
1454355 (15679, -737, 3410)
10940177 (21946, -16004, 18742)
1629197 (66009, -1670, 10519)
62043393 (41092, -9242, 19490)
381594614 (74953, -16670, 35350)
42577558 (23617, -7610, 13408)
16504461 (78046, -3297, 16053)
16537 (16662, 87, 187)
23425243 (32120, -8713, 16731)
426099 (52032, -207, 3401)
1402 (19142, -799, -24)

177518509640669017 (1093077610, -885015700, 983560292)
173665549732158786 (-4998844987, 3, 1204308074)
5364313831810088 (-582433874, 61089592, 188628337)
6574359700346226 (-345, 4545, 177518509640669017)
10139885684925166 (-41055008, 936953929, -196129158)
71742071846297930 (-5447639417074022, 3, 10000)
17569 (16660, 87, 187)

111046511665133314 (-756781946, 3335400734, -1588764001)
290984704530105756809865281 (-455837285, 1922608370, 1071438221)
382359309065783361356417802 (-1496381897, -1095178212, 226248990)
174134325530783423851012630 (-116451527, 1758435220, -679108596)
199444395297471793 (4365070988, -240971933, -1025602055)
227136770554674869 (-1713634847, 6209703611, -3262079779)
84035436010279459 (-184973835, 3037313410, 749548879)
49134555541257448 (-87291830, 4165914862, -603034247)
208859320509074275 (1819758998, -1265573505, -1517576611)
90392162270693 (4400897, -190845224, -28980837)

16321796005563502807065187 (112337802, 766187135, 150234451)
61732128846191431659376299 (461840749, 724780996, 169796957)
277253901226210031705165435 (499351679, 412057644, 547936661)
352025754874006088589996779 (2347412, 909574419, 705078917)
189150429299335581143797292 (684321422, 788846856, 300250589)
484602036533108435707401482 (88906471, 974392092, 748732394)
1095080442763539853617252419 (537132606, 742998614, 902433482)
490259885377716272453437582 (275886543, 593161102, 719526940)
470471501461950258179693394 (939633549, 975194360, 427919160)
717009966699911195790475811 (231528988, 768243893, 828925133)
40469223380300673519099088 (184436366, 163385556, 314146993)
184460092051401428942843768 (734888698, 5505140, 566878073)

1090275325167727471698334313812919802059842336211273334279482479119763585226773550211157586 (795249317281034086017778001492, 142018340158621286788044240859, 992667521877633730054312386014)
1085039904677427567132219723528499839620274418764128494053842760941579551457154123425226802 (198528506394076094801629312159, 957601826747570066438875793808, 965987868098715148160185125094)
892274821332853908281435270678153031678300414153293324979298288304151250852287990579045827 (366210158413208795041930345934, 497471528596178445729264487178, 899737162075928823127718546724)
159111555072681680457356010250408261284101270724713953846565207848539789526262797956503258 (357810072050707914375925265132, 12713254138834868134557308831, 539078588829100389586707713058)
600737771603473827992853149245131256717325854538485085692741622866734336725707140201576634 (627853575173042022362365059658, 907870461609779191660862964246, 625195766566622327242038442027)
12696445522364208108283304989566235302819691792676352300674590142940678282071735486148085 (240831490850971375664268306637, 889609522161226236169988525529, 58334525325247514245742824900)
1793469203352116554988446515505727500175352268350998178337362568453979406951504879720281 (691009936263091584749575037233, 306694953498025048916948655605, 8459727382026787739432782040)
1793469203352107765434028467668970382309560158774989501021511843705175035390583478415053 (691009936263091574884408774709, 306694953498025035062806590748, 8459727382026746809817276183)


[1, 9, 13, 17, 25, 29, 33, 41, 45, 49, 57, 65, 73, 77, 81, 89, 93, 97, 105, 109, 113, 121, 129, 137, 141, 145, 153, 157, 161, 169, 173, 177, 185, 193, 201, 205, 209, 217, 225, 233, 237, 241, 249, 257, 265, 269, 273, 281, 285, 289, 297, 301, 305, 313, 321, 329, 333, 337, 345, 349, 353, 361, 365, 369, 377, 385, 393, 397, 401, 409, 413, 417, 425, 429, 433, 441, 449, 457, 461, 465, 473, 481, 489, 493, 497, 505] mod 512
