numbers n*k + r, min element that can be expressed in m ways
(3, 1, 1870, 3)
(4, 1, 4389, 3)
(5, 1, 15727516, 9)
(6, 1, 21505, 3)
(6, 3, 0, 0)
(6, 4, 0, 0)
(7, 1, 8508942, 9)
(8, 1, 345345, 4)
(9, 1, 17483752, 9)
(10, 1, 116522991, 8)
(10, 5, 0, 0)
(10, 6, 3311056, 6)
(11, 1, 5541900, 7)
(12, 1, 2860165, 4)
(12, 4, 29920, 3)
(12, 9, 0, 0)
(13, 1, 11918700, 7)
(14, 1, 15233751, 6)
(14, 7, 0, 0)
(14, 8, 6716088, 6)
(15, 1, 11236456, 6)
(15, 6, 13538421, 5)
(15, 10, 0, 0)
(16, 1, 20594385, 7)
(17, 1, 29594400, 7)
(18, 1, 18132625, 5)
(18, 9, 0, 0)
(18, 10, 8227648, 7)
(19, 1, 9806832, 5)
(20, 1, 14799741, 5)
(20, 5, 109725, 3)
(20, 16, 114816, 3)
(21, 1, 4544800, 5)
(21, 7, 91630, 3)
(21, 15, 7030962, 6)
(22, 1, 20219409, 5)
(22, 11, 0, 0)
(22, 12, 4604040, 5)
(23, 1, 10270260, 6)
(24, 1, 37182145, 6)
(24, 9, 356265, 3)
(24, 16, 0, 0)
(25, 1, 6476976, 5)
(26, 1, 3115035, 5)
(26, 13, 0, 0)
(26, 14, 14387712, 6)
(27, 1, 5379616, 4)
(28, 1, 9065925, 4)
(28, 8, 6353600, 4)
(28, 21, 0, 0)
(29, 1, 42397740, 6)
(30, 1, 3234121, 3)
(30, 6, 4558176, 5)
(30, 10, 187000, 3)
(30, 15, 0, 0)
(30, 16, 5424496, 5)
(30, 21, 13538421, 5)
(30, 25, 0, 0)
(31, 1, 19809900, 5)
(32, 1, 9783585, 4)
(33, 1, 57296680, 5)
(33, 12, 6412770, 4)
(33, 22, 0, 0)
(34, 1, 110392425, 4)
(34, 17, 0, 0)
(34, 18, 4012800, 5)
(35, 1, 5347056, 4)
(35, 15, 7265700, 5)
(35, 21, 6040916, 5)
(36, 1, 42887845, 4)
(36, 9, 355509, 3)
(36, 28, 5838976, 5)
(37, 1, 161029440, 5)
(38, 1, 2013165, 3)
(38, 19, 0, 0)
(38, 20, 4463424, 4)
(39, 1, 24209680, 4)
(39, 13, 316030, 3)
(39, 27, 8537400, 5)
(40, 1, 15576561, 4)
(40, 16, 688896, 3)
(40, 25, 548625, 3)
(41, 1, 22674600, 4)
(42, 1, 9640345, 3)
(42, 7, 1053745, 3)
(42, 15, 14983137, 4)
(42, 21, 0, 0)
(42, 22, 19614400, 5)
(42, 28, 0, 0)
(42, 36, 1259280, 3)
(43, 1, 18433800, 4)
(44, 1, 3785145, 3)
(44, 12, 25925120, 5)
(44, 33, 0, 0)
(45, 1, 2174536, 3)
(45, 10, 9591400, 4)
(45, 36, 581256, 3)
(46, 1, 2656731, 3)
(46, 23, 0, 0)
(46, 24, 26254800, 5)
(47, 1, 58147320, 5)
(48, 1, 37182145, 4)
(48, 16, 478720, 3)
(48, 33, 9965025, 5)
(49, 1, 3206610, 3)
(50, 1, 11162151, 3)
(50, 25, 0, 0)
(50, 26, 16812576, 4)
(51, 1, 620620, 3)
(51, 18, 27462600, 4)
(51, 34, 0, 0)
(52, 1, 37139025, 3)
(52, 13, 741741, 3)
(52, 40, 4543488, 4)
(53, 1, 19126800, 4)
(54, 1, 196301665, 3)
(54, 27, 0, 0)
(54, 28, 84073600, 4)
(55, 1, 2353176, 3)
(55, 11, 15320536, 5)
(55, 45, 9896250, 6)
(56, 1, 7736625, 3)
(56, 8, 11711232, 5)
(56, 49, 1075305, 3)
(57, 1, 14660800, 3)
(57, 19, 675070, 3)
(57, 39, 9440550, 4)
(58, 1, 21414645, 3)
(58, 29, 0, 0)
(58, 30, 62287680, 4)
(59, 1, 8207550, 3)
(60, 1, 19541401, 3)
(60, 16, 1968736, 3)
(60, 21, 2323161, 3)
(60, 25, 5669125, 3)
(60, 36, 17752896, 4)
(60, 40, 0, 0)
(60, 45, 0, 0)
(61, 1, 11642400, 4)
(62, 1, 18798525, 3)
(62, 31, 0, 0)
(62, 32, 3912480, 4)
(63, 1, 11009440, 3)
(63, 28, 1469314, 3)
(63, 36, 6915294, 4)
(64, 1, 20579265, 3)
(65, 1, 17310216, 3)
(65, 26, 1819116, 3)
(65, 40, 13252500, 5)
(66, 1, 70119985, 3)
(66, 12, 85635144, 4)
(66, 22, 905080, 3)
(66, 33, 0, 0)
(66, 34, 4640560, 3)
(66, 45, 33845175, 4)
(66, 55, 0, 0)
(67, 1, 5448240, 3)
(68, 1, 11936925, 3)
(68, 17, 1268421, 3)
(68, 52, 4012800, 4)
(69, 1, 1521520, 3)
(69, 24, 5078700, 4)
(69, 46, 0, 0)
(70, 1, 115962561, 3)
(70, 15, 11872575, 3)
(70, 21, 5102811, 3)
(70, 35, 0, 0)
(70, 36, 14476176, 4)
(70, 50, 4222800, 4)
(70, 56, 1406496, 3)
(71, 1, 11350416, 3)
(72, 1, 56757169, 3)
(72, 9, 27972945, 4)
(72, 64, 42220288, 4)
(73, 1, 5765760, 3)
(74, 1, 16136145, 3)
(74, 37, 0, 0)
(74, 38, 3800160, 4)
(75, 1, 25401376, 3)
(75, 25, 1168750, 3)
(75, 51, 4306176, 3)
(76, 1, 59995845, 3)
(76, 20, 2318400, 3)
(76, 57, 0, 0)
(77, 1, 73195200, 3)
(77, 22, 1913010, 3)
(77, 56, 13109460, 4)
(78, 1, 120713425, 3)
(78, 13, 3634345, 3)
(78, 27, 4607955, 3)
(78, 39, 0, 0)
(78, 40, 9562840, 3)
(78, 52, 0, 0)
(78, 66, 6389280, 4)
(79, 1, 18051264, 3)
(80, 1, 33706881, 3)
(80, 16, 32413696, 5)
(80, 65, 27680625, 4)
(81, 1, 15611050, 3)
(82, 1, 1488465, 2)
(82, 41, 0, 0)
(82, 42, 6364800, 3)
(83, 1, 28416960, 3)
(84, 1, 60483865, 3)
(84, 21, 1935549, 3)
(84, 28, 1466080, 3)
(84, 36, 9300096, 4)
(84, 49, 9300445, 3)
(84, 57, 7818525, 3)
(84, 64, 29660800, 4)
(85, 1, 957696, 2)
(85, 35, 12540000, 4)
(85, 51, 35629076, 4)
(86, 1, 890445, 2)
(86, 43, 0, 0)
(86, 44, 137088000, 4)
(87, 1, 819280, 2)
(87, 30, 8101296, 3)
(87, 58, 0, 0)
(88, 1, 2367729, 2)
(88, 33, 4789785, 3)
(88, 56, 5241600, 5)
(89, 1, 14217840, 3)
(90, 1, 909181, 2)
(90, 10, 15558400, 4)
(90, 36, 3487536, 3)
(90, 45, 0, 0)
(90, 46, 28838656, 3)
(90, 55, 11974375, 3)
(90, 81, 3124251, 3)
(91, 1, 61378500, 3)
(91, 14, 25069968, 4)
(91, 78, 5911620, 3)
(92, 1, 1086705, 2)
(92, 24, 66512160, 4)
(92, 69, 0, 0)
(93, 1, 1250200, 2)
(93, 31, 1797070, 3)
(93, 63, 3274128, 3)
(94, 1, 1062765, 2)
(94, 47, 0, 0)
(94, 48, 11995200, 4)
(95, 1, 26185896, 3)
(95, 20, 4712400, 3)
(95, 76, 2590536, 3)
(96, 1, 5396545, 2)
(96, 33, 9965025, 3)
(96, 64, 0, 0)
(97, 1, 32484816, 3)
(98, 1, 1154637, 2)
(98, 49, 0, 0)
(98, 50, 16908480, 3)
(99, 1, 24356080, 3)
(99, 45, 21942900, 4)
(99, 55, 17164576, 4)